4295345872 48420 0 86
4295345886 47564 0 50
4295345900 36959 0 35
4295345914 64518 0 85
4295345928 0 0 0
4295345942 0 0 0
4295345956 0 0 0
4295345970 0 0 0
4295345984 0 0 0
4295345998 0 0 0
4295346013 0 0 0
4295346027 0 0 0
4295346041 0 0 0
4295346055 0 0 0
4295346069 0 0 0
4295346083 0 0 0
4295346097 0 0 0
4295346111 0 0 0
4295346126 7424 0 6
4295346140 35572 0 49
4295346154 53084 0 50
4295346168 59824 0 49
4295346182 0 0 0
4295346197 0 0 0
4295346211 0 0 0
4295346225 0 0 0
4295346239 0 0 0
4295346253 0 0 0
4295346267 0 0 0
4295346281 0 0 0
4295346295 0 0 0
4295346310 0 0 0
4295346324 0 0 0
4295346339 0 0 0
4295346353 0 0 0
4295346368 0 0 0
4295346382 6047 0 29
4295346396 42329 0 35
4295346410 54423 0 42
4295346425 24188 0 26
4295346440 0 0 0
4295346455 0 0 0
4295346469 0 0 0
4295346484 0 0 0
4295346498 0 0 0
4295346512 0 0 0
4295346526 0 0 0
4295346540 0 0 0
4295346554 0 0 0
4295346569 0 0 0
4295346583 0 0 0
4295346597 0 0 0
4295346611 0 0 0
4295346625 0 0 0
4295346639 13066 0 35
4295346653 13061 0 63
4295346667 10929 0 43
4295346681 8131 0 63
4295346695 17934 0 72
4295346709 28970 0 71
4295346723 26886 0 35
4295346737 20885 0 34
4295346751 0 0 0
4295346765 0 0 0
4295346779 0 0 0
4295346793 0 0 0
4295346807 0 0 0
4295346822 0 0 0
4295346836 0 0 0
4295346850 0 0 0
4295346864 0 0 0
4295346878 2862 0 14
4295346892 4213 0 7
4295346907 16134 1 19
4295346921 0 0 0
4295346936 0 0 0
4295346950 0 0 0
4295346964 10642 0 64
4295346978 25056 0 92
4295346993 25364 3 53
4295347007 20486 7 50
4295347021 27806 137 107
4295347035 18664 1520 64
4295347049 9083 1212 28
4295347063 3011 460 13
4295347077 0 0 0
4295347091 0 0 0
4295347105 0 0 0
4295347120 0 0 0
4295347134 28 0 0
4295347148 2099 436 21
4295347163 5432 1078 0
4295347177 6945 1351 21
4295347191 5678 1076 14
4295347206 0 0 0
4295347220 978 170 0
4295347234 2657 426 7
4295347249 11253 801 46
4295347263 14047 548 71
4295347277 12010 413 78
4295347292 10865 1263 26
4295347307 9413 1625 33
4295347321 5965 1093 28
4295347336 11070 2086 66
4295347350 11194 2110 85
4295347365 6886 1286 53
4295347379 8765 1687 35
4295347393 7283 1357 28
4295347408 896 171 0
4295347422 0 0 0
4295347436 251 90 22
4295347450 2565 976 7
4295347464 3382 1237 49
4295347478 2971 1141 42
4295347492 2894 1079 28
4295347506 4746 1167 42
4295347520 8272 1352 42
4295347535 10282 1623 20
4295347549 7261 1192 35
4295347563 2339 380 0
4295347577 4614 670 7
4295347592 5767 1039 20
4295347606 3214 747 21
4295347620 3502 804 35
4295347634 4982 1062 28
4295347649 5645 1483 73
4295347663 4627 1482 35
4295347677 5393 1469 49
4295347692 6672 2125 66
4295347706 6630 2264 64
4295347720 6163 2062 85
4295347734 5786 1973 71
4295347748 4421 1386 35
4295347762 2890 916 28
4295347776 3300 1190 13
4295347790 3203 1263 7
4295347804 4855 1755 50
4295347819 5876 2138 53
4295347833 4972 1753 35
4295347847 6271 2020 42
4295347861 5723 1713 40
4295347876 5881 1734 42
4295347890 4535 1295 14
4295347905 3645 1072 6
4295347920 2320 728 13
4295347934 2691 886 42
4295347948 2838 910 20
4295347963 2448 881 35
4295347977 2321 786 35
4295347991 3417 1410 21
4295348006 4145 1952 53
4295348020 4381 2037 49
4295348034 3470 1638 64
4295348048 4482 2103 64
4295348062 5523 2495 78
4295348076 5542 2455 71
4295348090 4338 1746 21
4295348104 2507 1125 14
4295348118 3603 1608 42
4295348132 5440 2278 92
4295348146 4878 1896 14
4295348160 6005 2274 46
4295348174 3833 1413 46
4295348188 6186 2321 35
4295348203 5705 2057 59
4295348217 6056 2271 92
4295348231 5492 2088 71
4295348246 4861 1856 53
4295348260 4995 1884 49
4295348274 4808 1884 35
4295348288 3016 1199 14
4295348302 2099 951 42
4295348316 1915 859 28
4295348330 1527 640 14
4295348345 4041 1772 33
4295348359 3314 1424 35
4295348373 3935 1635 49
4295348388 95 27 0
4295348402 0 0 0
4295348416 0 0 0
4295348430 0 0 0
4295348445 0 0 0
4295348459 20 0 0
4295348473 76 7 0
4295348487 4913 1874 97
4295348502 4528 1636 53
4295348517 3154 1239 20
4295348532 3722 1384 40
4295348546 3907 1623 42
4295348560 4703 1707 57
4295348574 4116 1611 21
4295348589 5552 2282 66
4295348603 5934 2360 78
4295348617 5937 2459 121
4295348631 5909 2574 107
4295348646 5795 2521 99
4295348661 6722 2880 93
4295348675 6084 2715 85
4295348689 5854 2686 85
4295348703 6233 2892 80
4295348719 4281 1883 46
4295348733 4345 2003 57
4295348747 4824 2328 35
4295348761 3376 1654 28
4295348775 2503 1160 28
4295348789 0 0 0
4295348803 0 0 0
4295348818 0 0 0
4295348833 0 0 0
4295348848 0 0 0
4295348862 0 0 0
4295348876 0 0 0
4295348890 0 0 0
4295348905 0 0 0
4295348919 144 33 0
4295348933 1804 637 29
4295348948 4827 1912 46
4295348963 4672 1955 73
4295348977 3388 1398 28
4295348992 4475 1860 66
4295349006 3168 1437 71
4295349020 4048 1859 64
4295349035 3455 1584 53
4295349049 3346 1482 42
4295349064 5371 2557 80
4295349078 5843 2938 121
4295349092 4778 2439 78
4295349106 4729 2470 78
4295349120 4643 2446 78
4295349134 4541 2513 85
4295349148 4384 2546 71
4295349162 5626 3234 92
4295349176 2054 1159 21
4295349190 4595 2519 71
4295349205 4191 2347 86
4295349220 5301 3006 86
4295349234 3971 2326 86
4295349248 3980 2403 71
4295349262 2876 1871 42
4295349276 1949 1196 35
4295349290 972 609 20
4295349304 309 231 7
4295349318 0 0 0
4295349332 0 0 0
4295349346 0 0 0
4295349360 0 0 0
4295349375 599 306 0
4295349389 1441 842 21
4295349403 1443 822 7
4295349417 1388 857 14
4295349431 1437 891 42
4295349445 1338 794 14
4295349459 1425 869 28
4295349473 1847 1090 21
4295349487 1992 1200 42
4295349501 2844 1745 78
4295349515 2575 1582 28
4295349529 2465 1529 57
4295349543 2729 1760 42
4295349557 2291 1513 57
4295349571 2506 1590 28
4295349585 3917 2494 91
4295349599 3489 2219 57
4295349613 3649 2311 64
4295349627 2165 1357 28
4295349641 4421 2952 115
4295349656 257 162 6
4295349670 0 0 0
4295349685 0 0 0
4295349700 0 0 0
4295349714 16 0 0
4295349728 1372 965 21
4295349742 487 364 21
4295349756 2792 1878 47
4295349770 2117 1390 52
4295349784 2293 1594 42
4295349798 3299 2203 78
4295349813 3734 2463 59
4295349827 3483 2300 79
4295349841 3623 2488 78
4295349855 3962 2713 105
4295349869 3197 2271 79
4295349883 4748 3250 107
4295349897 2933 1960 64
4295349911 3498 2532 85
4295349926 2345 1752 39
4295349940 2786 2025 49
4295349954 2738 2110 36
4295349968 1040 802 21
4295349983 0 0 0
4295349997 135 97 0
4295350011 858 613 14
4295350025 709 528 7
4295350039 958 706 14
4295350053 931 674 14
4295350067 298 262 7
4295350082 0 0 0
4295350097 0 0 0
4295350111 47 26 7
4295350125 1086 756 42
4295350139 1216 825 35
4295350153 1945 1318 42
4295350167 2539 1680 28
4295350181 2943 1944 28
4295350195 3126 2145 85
4295350209 2005 1414 71
4295350223 2417 1765 57
4295350237 2095 1543 42
4295350251 3063 2279 99
4295350265 3911 2902 92
4295350279 2859 1973 78
4295350293 3235 2317 49
4295350307 3418 2363 78
4295350321 3378 2392 57
4295350335 2273 1714 49
4295350349 2674 1992 85
4295350363 4063 3002 128
4295350377 1751 1375 49
4295350391 3208 2295 65
4295350405 3434 2579 107
4295350419 3177 2386 92
4295350433 3216 2439 86
4295350447 3066 2354 78
4295350461 3761 2884 85
4295350475 2513 2006 79
4295350489 3309 2664 100
4295350503 2541 1986 71
4295350517 2304 2121 71
4295350531 1728 1650 56
4295350545 1110 899 28
4295350559 1429 1222 7
4295350573 712 507 7
4295350587 1253 854 21
4295350601 1164 857 14
4295350616 1062 732 0
4295350630 1294 935 21
4295350645 1147 795 26
4295350660 871 781 33
4295350674 804 512 7
4295350688 1065 689 42
4295350702 1720 1155 28
4295350716 3262 2127 28
4295350730 2115 1376 64
4295350744 2185 1433 28
4295350758 2434 1652 34
4295350772 2272 1520 58
4295350786 2587 1610 64
4295350800 1999 1475 42
4295350814 1882 1368 55
4295350828 2000 1451 51
4295350842 2137 1585 57
4295350856 2563 1957 71
4295350870 4559 3090 85
4295350885 3303 2151 60
4295350899 4559 3009 107
4295350913 288 179 0
4295350927 0 0 0
4295350942 0 0 0
4295350956 0 0 0
4295350970 0 0 0
4295350984 0 0 0
4295350998 20 0 0
4295351012 0 0 0
4295351027 281 211 6
4295351041 785 499 35
4295351055 171 113 14
4295351069 1692 1281 50
4295351083 2554 1765 71
4295351097 2404 1616 50
4295351111 2101 1479 42
4295351125 2372 1632 28
4295351140 2841 1904 60
4295351154 3304 2219 78
4295351168 2825 1977 78
4295351182 3004 2092 78
4295351196 4092 2776 114
4295351210 3560 2472 92
4295351224 3342 2318 63
4295351238 3091 2370 78
4295351253 3546 2608 66
4295351268 3112 2295 26
4295351283 2308 1714 33
4295351297 2804 2133 50
4295351311 2555 1786 14
4295351325 2654 1844 71
4295351339 1841 1406 14
4295351354 880 604 33
4295351369 0 0 0
4295351383 72 23 0
4295351397 702 436 0
4295351411 1437 987 0
4295351425 1308 899 7
4295351439 1089 738 28
4295351453 1706 1141 7
4295351467 1647 1042 35
4295351481 2039 1389 50
4295351495 2674 1779 21
4295351509 2004 1319 21
4295351523 2607 1742 57
4295351537 2719 1786 35
4295351551 2611 1831 28
4295351565 2312 1685 42
4295351579 2133 1539 35
4295351593 2287 1669 42
4295351607 2341 1627 50
4295351621 2327 1696 56
4295351636 3095 2223 86
4295351650 3721 2696 100
4295351664 3285 2517 85
4295351678 3340 2463 100
4295351693 3113 2266 86
4295351707 3440 2610 92
4295351721 2960 2192 48
4295351736 2272 1737 82
4295351750 2351 1828 64
4295351764 1895 1422 49
4295351779 1989 1500 53
4295351793 3726 2885 85
4295351807 3032 2381 100
4295351821 3326 2604 71
4295351835 1542 1220 43
4295351849 2604 1912 71
4295351863 3317 2804 128
4295351877 1580 1310 57
4295351891 1784 1439 42
4295351905 2446 2036 49
4295351920 3022 2405 66
4295351934 1934 1568 57
4295351948 2134 1857 64
4295351963 1161 890 13
4295351977 1717 1271 14
4295351991 1946 1491 14
4295352005 1227 903 14
4295352020 1580 1044 26
4295352034 1162 815 35
4295352048 1659 1173 7
4295352062 1705 1192 49
4295352076 901 685 21
4295352090 1430 1108 14
4295352105 1613 1111 26
4295352119 1407 1031 14
4295352133 1900 1432 57
4295352147 1161 857 28
4295352161 2062 1616 57
4295352175 216 105 6
4295352189 72 0 0
4295352203 39 0 0
4295352217 20 0 0
4295352231 0 0 0
4295352246 0 0 0
4295352260 49 0 0
4295352275 0 0 0
4295352289 0 0 0
4295352303 757 581 29
4295352317 0 0 7
4295352331 587 438 28
4295352345 1393 1064 42
4295352359 1488 1261 42
4295352373 1513 1237 42
4295352387 1882 1597 42
4295352401 2528 2034 77
4295352415 2423 2085 72
4295352429 2606 2134 85
4295352443 2342 1951 71
4295352458 4143 3411 132
4295352472 1779 1384 43
4295352486 1627 1369 64
4295352500 3938 3360 121
4295352514 2742 2300 63
4295352528 3033 2525 107
4295352542 1992 1688 50
4295352556 2293 1998 85
4295352570 3917 3541 105
4295352584 2312 2044 72
4295352598 2427 2174 85
4295352612 3074 2695 100
4295352626 1525 1336 42
4295352640 2182 1882 85
4295352654 3619 3247 120
4295352668 1728 1520 49
4295352682 3660 3388 114
4295352696 2204 1971 63
4295352710 3087 3016 86
4295352724 2409 2288 28
4295352738 1257 1317 28
4295352752 1442 1558 47
4295352766 469 400 7
4295352780 498 427 0
4295352794 924 733 21
4295352808 577 484 0
4295352822 806 688 13
4295352836 697 584 29
4295352850 59 50 0
4295352864 242 207 7
4295352878 716 659 21
4295352892 805 734 0
4295352906 986 905 28
4295352920 966 946 21
4295352934 625 565 7
4295352949 1450 1312 13
4295352963 1806 1609 28
4295352978 2695 2247 53
4295352992 1381 1234 56
4295353006 950 781 28
4295353020 1676 1497 14
4295353035 2614 2528 73
4295353049 1967 1807 35
4295353063 2782 2438 49
4295353077 1704 1667 42
4295353091 2818 2568 86
4295353106 2177 1919 40
4295353120 2379 2142 35
4295353134 1840 1702 57
4295353148 3046 2541 99
4295353162 2175 1945 42
4295353176 3723 3204 100
4295353190 1527 1544 42
4295353204 3319 2970 99
4295353218 1927 1814 57
4295353232 2672 2599 78
4295353246 2474 2116 78
4295353260 2874 2593 77
4295353274 2697 2429 86
4295353288 1760 1558 57
4295353302 1532 1422 42
4295353316 3295 3040 84
4295353330 1961 1663 36
4295353345 2665 2459 73
4295353360 3458 3153 80
4295353374 1396 1291 35
4295353388 2033 2027 28
4295353402 1691 1686 71
4295353416 1528 1489 50
4295353430 1244 1149 28
4295353444 83 65 0
4295353459 0 0 0
4295353474 0 0 0
4295353489 0 0 0
4295353504 18 0 0
4295353518 0 0 0
4295353532 0 0 0
4295353547 0 0 0
4295353561 39 0 0
4295353575 18 0 0
4295353590 0 0 0
4295353604 159 89 0
4295353618 1644 1354 50
4295353632 15 0 14
4295353646 393 315 7
4295353660 1911 1639 85
4295353674 971 921 57
4295353689 1196 1136 66
4295353703 2281 2124 56
4295353717 3124 2862 100
4295353732 2765 2536 73
4295353746 1444 1318 71
4295353760 2908 2712 99
4295353774 2116 1993 35
4295353788 2764 2403 42
4295353802 1995 1801 79
4295353816 2386 2170 57
4295353830 1764 1737 42
4295353844 2400 2199 85
4295353858 2316 2222 71
4295353872 3567 3254 107
4295353887 2348 2182 93
4295353901 2285 2107 78
4295353915 2488 2306 92
4295353929 2229 1981 107
4295353943 5004 4308 149
4295353957 2706 2301 63
4295353974 3698 3226 112
4295353988 1534 1274 85
4295354002 3745 3346 100
4295354016 2327 2001 78
4295354031 1442 1334 19
4295354045 1710 1597 42
4295354059 1936 1781 93
4295354073 3184 3004 98
4295354087 1717 1605 43
4295354102 1090 1027 39
4295354116 769 737 6
4295354130 567 500 30
4295354144 682 595 29
4295354159 356 356 0
4295354173 0 0 0
4295354188 0 0 0
4295354202 279 249 7
4295354217 720 669 0
4295354231 1066 854 21
4295354245 955 735 14
4295354259 1519 1182 14
4295354273 1079 837 14
4295354287 1942 1529 50
4295354301 1654 1193 28
4295354315 2450 1828 50
4295354329 1586 1304 42
4295354343 2691 2180 64
4295354357 2035 1665 56
4295354371 1360 1243 43
4295354385 1443 1308 42
4295354399 3578 3185 114
4295354413 1400 1240 42
4295354427 1497 1322 49
4295354441 2565 2433 79
4295354455 1842 1743 42
4295354469 3115 2743 93
4295354483 2042 1934 50
4295354497 3801 3368 89
4295354511 1514 1416 66
4295354525 3079 2895 92
4295354540 3041 2713 53
4295354554 1789 1680 57
4295354569 3454 3189 86
4295354584 1930 1785 53
4295354598 1338 1257 21
4295354612 2873 2760 121
4295354626 2722 2614 100
4295354640 2335 2222 85
4295354654 1953 1840 50
4295354668 3871 3700 120
4295354683 3293 2975 127
4295354698 3458 3265 73
4295354712 3129 3052 92
4295354726 1855 1861 71
4295354740 1443 1424 42
4295354754 752 670 14
4295354769 212 189 0
4295354784 0 0 0
4295354798 0 0 0
4295354812 0 0 0
4295354826 0 0 0
4295354841 0 0 0
4295354855 43 28 14
4295354870 0 0 0
4295354884 0 0 0
4295354898 0 0 0
4295354912 138 85 0
4295354926 504 408 28
4295354941 1021 831 26
4295354955 1196 1062 35
4295354969 963 842 85
4295354983 1551 1456 49
4295354997 1643 1575 85
4295355011 2536 2327 64
4295355025 3068 2919 71
4295355039 3451 3025 78
4295355053 3550 3193 92
4295355067 3606 3351 107
4295355081 3718 3284 121
4295355095 3457 3230 92
4295355109 3621 3070 78
4295355123 3054 2754 78
4295355137 1818 1564 35
4295355151 420 399 20
4295355166 0 0 0
4295355181 0 0 0
4295355196 0 0 0
4295355211 0 0 0
4295355225 0 0 0
4295355240 0 0 0
4295355254 0 0 0
4295355268 0 0 0
4295355283 0 0 0
4295355297 0 0 0
4295355311 24 10 21
4295355326 0 0 0
4295355340 0 0 0
4295355354 639 489 15
4295355368 923 748 21
4295355383 958 764 106
4295355397 634 544 57
4295355411 1301 1122 14
4295355425 1719 1453 21
4295355439 1570 1401 28
4295355454 1343 1150 13
4295355469 364 289 6
4295355483 0 0 0
4295355498 0 0 0
4295355513 0 0 0
4295355528 0 0 0
4295355542 0 0 0
4295355556 0 0 0
4295355570 0 0 0
4295355584 0 0 0
4295355599 0 0 0
4295355613 0 0 0
4295355627 0 0 0
4295355641 0 0 0
4295355655 0 0 0
4295355669 0 0 0
4295355683 0 0 0
4295355697 38 40 72
4295355712 72 60 60
read 694 profiled data
